cat_30_40_15_1
30
40
15
156
-1
-1
-1
70133
[20, 2, 4, 16, 26, 0, 28, 21, 3, 7, 19, 24, 1, 10, 8, 23, 15, 5, 9, 25, 12, 6, 18, 17, 13, 22, 11, 27, 14, 29]
-1
-1
-1
0 0 0 0 0 0 0 0 0 0 0 0 0 0 1 0 1 0 0 0 0 0 0 0 0 0 0 1 1 1 0 0 0 0 0 0 0 0 0 0 
1 0 1 0 1 0 0 0 0 0 0 0 0 0 1 1 1 0 0 0 0 0 0 0 0 0 0 1 1 1 0 0 0 0 0 0 0 0 1 1 
1 1 1 0 1 0 0 0 0 0 1 0 0 0 0 0 1 0 1 0 0 0 1 1 0 0 0 0 1 0 1 1 0 1 1 0 0 0 0 1 
1 0 1 0 1 0 0 0 0 0 0 0 0 0 0 0 1 1 1 0 0 0 0 1 0 0 1 0 0 0 1 1 0 1 1 1 1 0 0 1 
0 0 0 1 1 1 1 0 0 1 0 0 1 0 0 0 1 0 0 0 0 0 0 0 1 0 1 0 0 0 1 0 0 1 1 1 1 0 0 1 
0 0 0 1 1 1 1 0 0 1 0 1 1 0 0 0 1 0 0 0 0 0 0 0 0 0 1 0 0 0 1 0 0 0 1 1 1 1 0 1 
1 0 1 1 1 0 0 0 0 1 0 1 1 0 1 0 1 0 1 0 0 0 0 0 0 0 0 0 1 1 0 0 1 0 1 0 1 0 0 0 
0 0 1 1 1 0 0 0 0 1 0 0 1 0 1 0 1 0 1 0 1 0 1 0 0 0 0 0 1 0 0 0 1 1 1 0 1 0 0 0 
0 0 0 0 1 0 0 0 0 1 1 0 0 0 1 1 0 0 1 1 1 0 1 1 0 1 0 0 0 0 0 0 0 1 0 1 0 1 1 0 
0 0 0 0 0 0 1 1 0 1 1 0 0 0 1 0 0 0 1 1 1 0 0 0 0 1 0 0 0 0 1 0 0 1 1 1 0 0 1 1 
0 0 1 1 0 0 1 0 0 1 1 0 1 0 1 0 1 0 1 1 0 0 0 0 1 1 0 0 0 0 0 0 1 1 0 0 0 0 1 0 
0 0 1 1 0 0 1 0 0 0 1 0 1 0 1 1 0 0 1 1 0 1 0 0 1 1 0 0 0 0 0 0 0 0 1 0 0 0 1 1 
0 0 1 1 0 0 1 1 0 0 1 0 1 0 1 1 0 0 1 1 0 0 1 0 1 1 0 0 0 0 0 0 0 0 1 1 0 0 0 0 
0 0 1 1 1 0 1 0 0 0 1 0 0 0 1 1 0 0 1 1 0 0 0 0 1 1 0 1 1 0 0 0 0 0 1 0 1 0 0 0 
0 0 1 1 1 0 1 0 0 0 1 0 0 1 1 1 0 0 1 1 0 0 0 0 1 1 0 1 1 0 0 0 0 0 1 0 0 0 0 0 
1 1 1 0 1 0 1 0 1 0 1 0 0 0 0 0 1 0 1 0 0 0 0 1 1 0 0 1 0 1 0 0 1 0 0 0 0 1 0 0 
0 0 1 0 1 0 1 0 0 0 1 1 0 0 0 1 0 1 0 1 1 0 1 0 1 0 0 0 1 1 0 0 0 0 0 0 0 1 1 0 
0 0 1 0 0 0 0 0 0 1 0 1 0 0 0 0 0 1 0 1 0 0 1 0 1 1 0 0 1 1 0 0 0 1 0 1 1 1 1 0 
0 0 1 0 0 0 0 0 0 0 0 1 1 0 0 0 0 1 0 1 0 0 1 0 1 1 0 0 1 1 0 0 0 1 0 1 1 1 1 0 
0 0 1 0 0 1 1 0 0 0 1 1 0 0 1 0 1 0 0 0 0 0 1 1 0 1 0 0 1 0 0 0 1 1 0 1 1 0 0 0 
0 1 0 0 0 0 1 1 1 0 0 1 0 0 0 0 0 0 0 0 1 1 0 0 0 1 0 0 0 0 0 1 1 1 1 1 1 0 0 1 
1 0 0 0 1 1 0 1 1 0 0 1 0 1 0 0 0 0 0 0 0 1 1 0 1 1 0 0 0 0 0 0 0 1 0 1 1 1 0 0 
1 0 0 0 1 1 0 1 1 0 0 1 0 1 0 0 0 0 0 0 0 1 0 0 1 1 1 0 0 0 0 0 0 1 0 1 1 1 0 0 
0 0 0 0 0 0 1 0 1 0 0 1 0 1 1 1 0 1 0 1 0 1 0 0 1 1 1 0 0 0 1 0 0 0 0 1 0 0 1 0 
0 0 0 0 0 0 1 0 1 0 0 1 0 1 1 0 0 1 0 0 0 1 0 0 1 1 1 1 1 1 0 0 0 0 0 1 0 0 1 0 
0 1 0 0 0 0 1 0 1 0 0 1 1 1 1 0 0 1 0 0 0 1 0 1 1 1 0 1 0 0 0 0 0 0 0 1 0 0 1 0 
1 0 0 0 0 1 0 1 0 0 0 1 1 0 1 0 1 1 1 0 0 0 0 0 0 1 0 1 0 0 0 0 1 0 0 1 1 0 1 0 
0 0 0 0 0 0 0 1 0 0 0 0 1 1 1 0 1 0 1 1 0 1 0 0 1 1 1 0 0 1 1 0 0 0 1 0 0 0 1 0 
0 0 1 0 0 0 1 1 1 0 0 0 1 1 1 0 1 0 1 1 1 0 0 1 0 1 0 0 0 0 0 0 0 0 0 0 0 0 1 1 
0 0 1 0 1 0 1 1 1 1 0 0 1 1 1 0 1 1 0 0 0 0 0 1 0 0 0 0 0 0 0 0 0 0 0 0 0 1 1 1 
